-1 0 -1
0 0 0
1 0 -1
0 0 0
1 0 1
0 0 0
-1 0 1
0 0 0
5.000000e-01 8.660000e-01 1
0 0 0
5.000000e-01 8.660000e-01 -1
0 0 0
5.000000e-01 -8.660000e-01 -1
0 0 0
-5.000000e-01 -8.660000e-01 -1
0 0 0
-5.000000e-01 -8.660000e-01 1
0 0 0
-5.000000e-01 8.660000e-01 1
0 0 0
-5.000000e-01 8.660000e-01 -1
0 0 0
5.000000e-01 -8.660000e-01 1
0 0 0
5.000000e-01 -8.660000e-01 1
-5.000000e-01 -8.660000e-01 1
5.000000e-01 -8.660000e-01 -1
-5.000000e-01 -8.660000e-01 -1
5.000000e-01 -8.660000e-01 -1
1 0 -1
-5.000000e-01 -8.660000e-01 -1
-1 0 -1
-5.000000e-01 8.660000e-01 -1
-1 0 -1
5.000000e-01 8.660000e-01 -1
1 0 -1
5.000000e-01 8.660000e-01 1
1 0 1
5.000000e-01 8.660000e-01 1
-5.000000e-01 8.660000e-01 1
5.000000e-01 8.660000e-01 -1
-5.000000e-01 8.660000e-01 -1
5.000000e-01 -8.660000e-01 1
1 0 1
-5.000000e-01 -8.660000e-01 1
-1 0 1
-5.000000e-01 8.660000e-01 1
-1 0 1
